010000
01010011101100101101100010
0101001111
010100111011001010
01010011101100100
010111000
01010011101100101101100011
0100010
010110
0101000
010111011
00000
11101
011
01001
01010011100101
11100
10100
10011
0101111
0001
1101
010101
01010010
10010
010111001
0100011
010111010
1000
11001
010100111011001011011001110
01010011101101
0011
0010
00001
11110
11111
010100110
10101
1011
11000
010100111001000
010100111011000
01010011101100110
0101001110010011
01010011101100111
0101001110010010
01010011101100101101101
010100111011001011110
01010011101100101100
01010011101100101110
01010011101100101111101
010100111011001011010
0101001110110010110111
0101001110110010111111
01010011101100101111100111
010100111011001011111000
0101001110110010110110010
0101001110110010111110010
010100111011001011011001111
01010011101100101101100110
010100111011001011111001100
010100111011001011111001101
0101001110111
010100111010
010100111000
0101001110110010110110000
0101001110011
